{
 "cells": [
  {
   "cell_type": "code",
   "execution_count": 1,
   "metadata": {},
   "outputs": [
    {
     "name": "stdout",
     "output_type": "stream",
     "text": [
      "importing Jupyter notebook from LMM.ipynb\n",
      "LMM was imported successfully.\n"
     ]
    }
   ],
   "source": [
    "import numpy as np\n",
    "import import_ipynb\n",
    "import numpy.linalg as LA\n",
    "import LMM as lmm\n",
    "import random\n",
    "import time\n",
    "import os\n",
    "import pandas as pd\n",
    "from scipy.io import mmread\n",
    "import scipy.sparse as sp\n",
    "import matplotlib.pyplot as plt\n",
    "from IPython.display import Image\n",
    "import scanpy as sc\n",
    "import matplotlib.pyplot as plt\n",
    "from time import time as unix\n",
    "\n",
    "np.random.seed(10)"
   ]
  },
  {
   "cell_type": "code",
   "execution_count": null,
   "metadata": {},
   "outputs": [],
   "source": [
    "##### Simulation of data\n",
    "num_random_effects = 20\n",
    "num_samples = 3000\n",
    "num_fixed_effects = 0\n",
    "num_features = 1000\n",
    "sig_1 = 0.2\n",
    "sig_2 = 0.8\n",
    "\n",
    "# Generate data\n",
    "X = np.ones((num_samples,1)) ### only intercepts\n",
    "Z = np.random.normal(size=(num_samples,num_random_effects))\n",
    "# Generate kernel\n",
    "Z = (Z -  Z.mean(axis=0)) / Z.std(axis=0, ddof=1)\n",
    "print(Z.shape)\n",
    "\n",
    "K = Z @ Z.T / Z.shape[1]\n",
    "I = np.eye(K.shape[0])\n",
    "Kernel = [K]\n",
    "\n",
    "# Generate phenotype assuming the generative process being y ~ MVN(Xb, V)\n",
    "b = np.random.normal(size=(X.shape[1],1))\n",
    "sigma = [sig_1, sig_2]\n",
    "V = sigma[0] * K + sigma[1] * I\n",
    "L = LA.cholesky(V)\n",
    "\n",
    "# Sample from spherical normal dist\n",
    "R = np.random.normal(size=(L.shape[1],num_features))\n",
    "# r = MVN(0, I)\n",
    "\n",
    "# reshape it to have the V covariance structure\n",
    "Y = X @ b + L @ R\n",
    "# L @ r ~ MVN(0, V)"
   ]
  },
  {
   "cell_type": "code",
   "execution_count": 4,
   "metadata": {},
   "outputs": [],
   "source": [
    "def get_standard(Z):\n",
    "    return (Z -  Z.mean(axis=0)) / Z.std(axis=0, ddof=1)\n",
    "\n",
    "def sum_sigma_K(sigma, Kernel):\n",
    "    sum_val = 0 \n",
    "    for i in range(len(Kernel)):\n",
    "        sum_val += sigma[i] * Kernel[i]\n",
    "    return sum_val\n",
    "        \n",
    "##### Simulation of data\n",
    "\n",
    "num_simulation = 5\n",
    "num_random_effects = 4\n",
    "num_samples = 200\n",
    "num_fixed_effects = 0\n",
    "num_features = 10\n",
    "\n",
    "sig_1 = 0.15\n",
    "sig_2 = 0.2\n",
    "sig_3 = 0.25\n",
    "sig_4 = 0.3\n",
    "sig_res = 0.1\n",
    "\n"
   ]
  },
  {
   "cell_type": "code",
   "execution_count": null,
   "metadata": {},
   "outputs": [],
   "source": [
    "# Generate data\n",
    "X = np.ones((num_samples,1)) ### only intercepts\n",
    "\n",
    "# Generate kernel\n",
    "Z_1 = get_standard(np.random.normal(size=(num_samples,num_random_effects)))\n",
    "Z_2 = get_standard(np.random.normal(size=(num_samples,num_random_effects)))\n",
    "Z_3 = get_standard(np.random.normal(size=(num_samples,num_random_effects)))\n",
    "Z_4 = get_standard(np.random.normal(size=(num_samples,num_random_effects)))\n",
    "\n",
    "K_1 = Z_1 @ Z_1.T / Z_1.shape[1]\n",
    "K_2 = Z_2 @ Z_2.T / Z_2.shape[1]\n",
    "K_3 = Z_3 @ Z_3.T / Z_3.shape[1]\n",
    "K_4 = Z_4 @ Z_4.T / Z_4.shape[1]\n",
    "\n",
    "I = np.eye(K_1.shape[0])\n",
    "\n",
    "Kernel = [K_1, K_2, K_3, K_4]\n",
    "sigma = [sig_1, sig_2, sig_3, sig_4, sig_res]\n",
    "\n",
    "\n",
    "# Generate phenotype assuming the generative process being y ~ MVN(Xb, V)\n",
    "## b = np.random.normal(size=(X.shape[1],1)) ## equal b for all genes\n",
    "b = np.random.normal(size=(X.shape[1],num_features)) ### different b for each gene\n",
    "\n",
    "V = sum_sigma_K(sigma, Kernel) + sigma[len(sigma)-1] * I\n",
    "L = LA.cholesky(V)\n",
    "\n",
    "# Sample from spherical normal dist\n",
    "R = np.random.normal(size=(L.shape[1],num_features))\n",
    "# r = MVN(0, I)\n",
    "\n",
    "# reshape it to have the V covariance structure\n",
    "Y = X @ b + L @ R\n",
    "# L @ r ~ MVN(0, V)"
   ]
  },
  {
   "cell_type": "code",
   "execution_count": 5,
   "metadata": {},
   "outputs": [
    {
     "ename": "NameError",
     "evalue": "name 'X' is not defined",
     "output_type": "error",
     "traceback": [
      "\u001b[0;31m---------------------------------------------------------------------------\u001b[0m",
      "\u001b[0;31mNameError\u001b[0m                                 Traceback (most recent call last)",
      "\u001b[0;32m<ipython-input-5-ef6508c5af44>\u001b[0m in \u001b[0;36m<module>\u001b[0;34m\u001b[0m\n\u001b[1;32m      1\u001b[0m \u001b[0;31m# Y shape now is 1000 by 1000 meaning that we have 10000 simulated reponse with covariance of V\u001b[0m\u001b[0;34m\u001b[0m\u001b[0;34m\u001b[0m\u001b[0;34m\u001b[0m\u001b[0m\n\u001b[0;32m----> 2\u001b[0;31m \u001b[0mprint\u001b[0m\u001b[0;34m(\u001b[0m\u001b[0;34m'X shape is: '\u001b[0m\u001b[0;34m,\u001b[0m \u001b[0mX\u001b[0m\u001b[0;34m.\u001b[0m\u001b[0mshape\u001b[0m\u001b[0;34m)\u001b[0m\u001b[0;34m\u001b[0m\u001b[0;34m\u001b[0m\u001b[0m\n\u001b[0m\u001b[1;32m      3\u001b[0m \u001b[0mprint\u001b[0m\u001b[0;34m(\u001b[0m\u001b[0;34m'b shape is: '\u001b[0m\u001b[0;34m,\u001b[0m \u001b[0mb\u001b[0m\u001b[0;34m.\u001b[0m\u001b[0mshape\u001b[0m\u001b[0;34m)\u001b[0m\u001b[0;34m\u001b[0m\u001b[0;34m\u001b[0m\u001b[0m\n\u001b[1;32m      4\u001b[0m \u001b[0mprint\u001b[0m\u001b[0;34m(\u001b[0m\u001b[0;34m'Z shape is: '\u001b[0m\u001b[0;34m,\u001b[0m \u001b[0mZ_1\u001b[0m\u001b[0;34m.\u001b[0m\u001b[0mshape\u001b[0m\u001b[0;34m)\u001b[0m\u001b[0;34m\u001b[0m\u001b[0;34m\u001b[0m\u001b[0m\n\u001b[1;32m      5\u001b[0m \u001b[0mprint\u001b[0m\u001b[0;34m(\u001b[0m\u001b[0;34m'K shape is: '\u001b[0m\u001b[0;34m,\u001b[0m \u001b[0mK_1\u001b[0m\u001b[0;34m.\u001b[0m\u001b[0mshape\u001b[0m\u001b[0;34m)\u001b[0m\u001b[0;34m\u001b[0m\u001b[0;34m\u001b[0m\u001b[0m\n",
      "\u001b[0;31mNameError\u001b[0m: name 'X' is not defined"
     ]
    }
   ],
   "source": [
    "# Y shape now is 1000 by 1000 meaning that we have 10000 simulated reponse with covariance of V\n",
    "print('X shape is: ', X.shape)\n",
    "print('b shape is: ', b.shape)\n",
    "print('Z shape is: ', Z_1.shape)\n",
    "print('K shape is: ', K_1.shape)\n",
    "print('V shape is: ', V.shape)\n",
    "print('L shape is: ', L.shape)\n",
    "print('R shape is: ', R.shape)\n",
    "print('Y shape is: ', Y.shape)\n",
    "print(type(Y))"
   ]
  },
  {
   "cell_type": "code",
   "execution_count": 5,
   "metadata": {},
   "outputs": [
    {
     "name": "stdout",
     "output_type": "stream",
     "text": [
      "Information: [[1.09905183e+02 7.79644215e-04 6.48332433e-04 5.42020655e-04\n",
      "  2.29934190e+00]\n",
      " [7.79644215e-04 1.09692679e+02 2.51317686e-03 1.07277460e-03\n",
      "  2.40075764e+00]\n",
      " [6.48332433e-04 2.51317686e-03 1.09660753e+02 1.28181983e-03\n",
      "  2.41610036e+00]\n",
      " [5.42020655e-04 1.07277460e-03 1.28181983e-03 1.09793037e+02\n",
      "  2.35315390e+00]\n",
      " [2.29934190e+00 2.40075764e+00 2.41610036e+00 2.35315390e+00\n",
      "  5.24116320e+03]]\n",
      "Score: [  -1.85103057  -12.48655166    8.57697529    7.48369304 -162.27043545]\n",
      "\t EI REML vanilla round 0:   0.1159  0.0190  0.2110  0.2010  0.1012\n",
      "Information: [[1.43507400e+02 2.42337158e-02 1.97129473e-04 1.83560596e-04\n",
      "  2.99640019e+00]\n",
      " [2.42337158e-02 4.45322993e+03 2.37542204e-02 1.12878474e-02\n",
      "  9.74761032e+01]\n",
      " [1.97129473e-04 2.37542204e-02 4.39777140e+01 1.31162061e-04\n",
      "  9.62442068e-01]\n",
      " [1.83560596e-04 1.12878474e-02 1.31162061e-04 4.84732513e+01\n",
      "  1.03621727e+00]\n",
      " [2.99640019e+00 9.74761032e+01 9.62442068e-01 1.03621727e+00\n",
      "  8.94326628e+03]]\n",
      "Score: [ 0.07108827  0.22028016  0.08008946 -0.04745208 -0.2264829 ]\n",
      "\t EI REML vanilla round 1:   0.1164  0.0190  0.2129  0.2000  0.1011\n",
      "Information: [[1.42310594e+02 2.39079361e-02 1.92095732e-04 1.83704295e-04\n",
      "  2.97143940e+00]\n",
      " [2.39079361e-02 4.43251059e+03 2.32342707e-02 1.13388002e-02\n",
      "  9.70239434e+01]\n",
      " [1.92095732e-04 2.32342707e-02 4.32361098e+01 1.30141538e-04\n",
      "  9.46236916e-01]\n",
      " [1.83704295e-04 1.13388002e-02 1.30141538e-04 4.89438713e+01\n",
      "  1.04629459e+00]\n",
      " [2.97143940e+00 9.70239434e+01 9.46236916e-01 1.04629459e+00\n",
      "  8.94787399e+03]]\n",
      "Score: [-1.29882576e-05 -1.68415940e-02 -1.52727431e-04 -4.23093508e-05\n",
      "  3.59396123e-03]\n",
      "\t EI REML vanilla round 2:   0.1164  0.0190  0.2128  0.2000  0.1011\n",
      "\t Estimates converged, exitting - diff: 0.000004\n",
      "Information: [[6.19643347e+01 4.39561935e-04 3.65528600e-04 3.05590221e-04\n",
      "  1.29636462e+00]\n",
      " [4.39561935e-04 6.18445253e+01 1.41692436e-03 6.04828291e-04\n",
      "  1.35354262e+00]\n",
      " [3.65528600e-04 1.41692436e-03 6.18265253e+01 7.22687601e-04\n",
      "  1.36219282e+00]\n",
      " [3.05590221e-04 6.04828291e-04 7.22687601e-04 6.19011065e+01\n",
      "  1.32670372e+00]\n",
      " [1.29636462e+00 1.35354262e+00 1.36219282e+00 1.32670372e+00\n",
      "  2.95495791e+03]]\n",
      "Score: [  -3.49417837    1.44829262   -2.72172942   11.01817934 -234.2685571 ]\n",
      "\t EI REML vanilla round 0:   0.1212  0.2011  0.1337  0.3557  0.0966\n",
      "Information: [[1.31627688e+02 2.20741331e-04 4.12236537e-04 4.95245920e-05\n",
      "  2.75619802e+00]\n",
      " [2.20741331e-04 4.84150785e+01 5.89078313e-04 3.61033638e-05\n",
      "  1.06126159e+00]\n",
      " [4.12236537e-04 5.89078313e-04 1.08399752e+02 9.67111228e-05\n",
      "  2.39343637e+00]\n",
      " [4.95245920e-05 3.61033638e-05 9.67111228e-05 1.56272795e+01\n",
      "  3.35308505e-01]\n",
      " [2.75619802e+00 1.06126159e+00 2.39343637e+00 3.35308505e-01\n",
      "  9.79672816e+03]]\n",
      "Score: [ 0.0349155  -0.03559459  0.06202177  0.00854009 -0.11078497]\n",
      "\t EI REML vanilla round 1:   0.1215  0.2004  0.1343  0.3562  0.0966\n",
      "Information: [[1.31063002e+02 2.21342814e-04 4.06934317e-04 4.91507107e-05\n",
      "  2.74437669e+00]\n",
      " [2.21342814e-04 4.87672477e+01 5.88261166e-04 3.62470366e-05\n",
      "  1.06898924e+00]\n",
      " [4.06934317e-04 5.88261166e-04 1.07492269e+02 9.55860913e-05\n",
      "  2.37339952e+00]\n",
      " [4.91507107e-05 3.62470366e-05 9.55860913e-05 1.55796446e+01\n",
      "  3.34287380e-01]\n",
      " [2.74437669e+00 1.06898924e+00 2.37339952e+00 3.34287380e-01\n",
      "  9.79905177e+03]]\n",
      "Score: [ 1.79852449e-04  4.15022035e-05 -1.06623971e-04  7.18629744e-05\n",
      " -4.28973777e-04]\n",
      "\t EI REML vanilla round 2:   0.1215  0.2004  0.1343  0.3562  0.0966\n",
      "\t Estimates converged, exitting - diff: 0.000005\n",
      "Information: [[8.21886085e+01 5.83028673e-04 4.84831915e-04 4.05330505e-04\n",
      "  1.71947952e+00]\n",
      " [5.83028673e-04 8.20296951e+01 1.87938824e-03 8.02235607e-04\n",
      "  1.79531960e+00]\n",
      " [4.84831915e-04 1.87938824e-03 8.20058201e+01 9.58562512e-04\n",
      "  1.80679310e+00]\n",
      " [4.05330505e-04 8.02235607e-04 9.58562512e-04 8.21047436e+01\n",
      "  1.75972087e+00]\n",
      " [1.71947952e+00 1.79531960e+00 1.80679310e+00 1.75972087e+00\n",
      "  3.91941396e+03]]\n",
      "Score: [ -10.8268929    16.80903507    4.95042906    0.50812814 -189.85087194]\n",
      "\t EI REML vanilla round 0:   0.0221  0.3588  0.2142  0.1600  0.1043\n",
      "Information: [[3.39824172e+03 2.09265527e-03 4.86330236e-03 7.25260462e-03\n",
      "  7.11343243e+01]\n",
      " [2.09265527e-03 1.53419236e+01 8.53705365e-05 6.48149229e-05\n",
      "  3.35617849e-01]\n",
      " [4.86330236e-03 8.53705365e-05 4.26575594e+01 2.14332625e-04\n",
      "  9.40265889e-01]\n",
      " [7.25260462e-03 6.48149229e-05 2.14332625e-04 7.59645939e+01\n",
      "  1.62782215e+00]\n",
      " [7.11343243e+01 3.35617849e-01 9.40265889e-01 1.62782215e+00\n",
      "  8.41462894e+03]]\n",
      "Score: [ 1.11382058 -0.00726107  0.05762321  0.00516568 -0.27079076]\n",
      "\t EI REML vanilla round 1:   0.0224  0.3583  0.2156  0.1601  0.1043\n",
      "Information: [[3.30824247e+03 2.04141179e-03 4.67300601e-03 7.04975428e-03\n",
      "  6.92509921e+01]\n",
      " [2.04141179e-03 1.53822242e+01 8.44846272e-05 6.48882277e-05\n",
      "  3.36513958e-01]\n",
      " [4.67300601e-03 8.44846272e-05 4.21302541e+01 2.11383140e-04\n",
      "  9.28672657e-01]\n",
      " [7.04975428e-03 6.48882277e-05 2.11383140e-04 7.59009621e+01\n",
      "  1.62650611e+00]\n",
      " [6.92509921e+01 3.36513958e-01 9.28672657e-01 1.62650611e+00\n",
      "  8.42025549e+03]]\n",
      "Score: [-0.00823565  0.0002892   0.00015071  0.00014736  0.00025081]\n",
      "\t EI REML vanilla round 2:   0.0224  0.3583  0.2156  0.1601  0.1043\n",
      "\t Estimates converged, exitting - diff: 0.000019\n",
      "Information: [[3.21424000e+01 2.28011414e-04 1.89608531e-04 1.58517043e-04\n",
      "  6.72455702e-01]\n",
      " [2.28011414e-04 3.20802520e+01 7.34992959e-04 3.13739072e-04\n",
      "  7.02115314e-01]\n",
      " [1.89608531e-04 7.34992959e-04 3.20709149e+01 3.74875548e-04\n",
      "  7.06602380e-01]\n",
      " [1.58517043e-04 3.13739072e-04 3.74875548e-04 3.21096020e+01\n",
      "  6.88193329e-01]\n",
      " [6.72455702e-01 7.02115314e-01 7.06602380e-01 6.88193329e-01\n",
      "  1.53280818e+03]]\n",
      "Score: [  -3.99100308    6.16175083   -0.88838216    2.29349639 -229.18206341]\n",
      "\t EI REML vanilla round 0:   0.1233  0.4397  0.2199  0.3190  0.0948\n",
      "Information: [[1.27436321e+02 4.35222426e-05 1.43712499e-04 5.73092842e-05\n",
      "  2.66934138e+00]\n",
      " [4.35222426e-05 1.02485624e+01 4.49531344e-05 9.13731140e-06\n",
      "  2.24809092e-01]\n",
      " [1.43712499e-04 4.49531344e-05 4.05756750e+01 4.32646936e-05\n",
      "  8.96574565e-01]\n",
      " [5.73092842e-05 9.13731140e-06 4.32646936e-05 1.94101496e+01\n",
      "  4.16713730e-01]\n",
      " [2.66934138e+00 2.24809092e-01 8.96574565e-01 4.16713730e-01\n",
      "  1.01915204e+04]]\n",
      "Score: [ 0.03127535 -0.01304062  0.03495321 -0.02782924  0.1904686 ]\n",
      "\t EI REML vanilla round 1:   0.1235  0.4384  0.2208  0.3175  0.0948\n",
      "Information: [[1.26938481e+02 4.36204447e-05 1.42101738e-04 5.76216484e-05\n",
      "  2.65891319e+00]\n",
      " [4.36204447e-05 1.03078583e+01 4.48821327e-05 9.27654319e-06\n",
      "  2.26110407e-01]\n",
      " [1.42101738e-04 4.48821327e-05 4.02626249e+01 4.33339840e-05\n",
      "  8.89656315e-01]\n",
      " [5.76216484e-05 9.27654319e-06 4.33339840e-05 1.95847110e+01\n",
      "  4.20461897e-01]\n",
      " [2.65891319e+00 2.26110407e-01 8.89656315e-01 4.20461897e-01\n",
      "  1.01875125e+04]]\n",
      "Score: [ 8.21384459e-05  1.38332713e-05  4.20515789e-05  7.88979515e-05\n",
      " -5.32925397e-04]\n",
      "\t EI REML vanilla round 2:   0.1235  0.4384  0.2208  0.3175  0.0948\n",
      "\t Estimates converged, exitting - diff: 0.000004\n",
      "Information: [[1.57242130e+02 1.11544254e-03 9.27573837e-04 7.75472819e-04\n",
      "  3.28968487e+00]\n",
      " [1.11544254e-03 1.56938099e+02 3.59562006e-03 1.53482627e-03\n",
      "  3.43478108e+00]\n",
      " [9.27573837e-04 3.59562006e-03 1.56892422e+02 1.83390878e-03\n",
      "  3.45673202e+00]\n",
      " [7.75472819e-04 1.53482627e-03 1.83390878e-03 1.57081681e+02\n",
      "  3.36667408e+00]\n",
      " [3.28968487e+00 3.43478108e+00 3.45673202e+00 3.36667408e+00\n",
      "  7.49856958e+03]]\n",
      "Score: [  -3.77044481   32.4602019    -2.11195151  -15.14659783 -221.62675964]\n",
      "\t EI REML vanilla round 0:   0.0871  0.3179  0.0977  0.0147  0.0809\n",
      "Information: [[2.53641036e+02 1.20288158e-04 1.02344794e-03 3.15662083e-02\n",
      "  5.30008448e+00]\n",
      " [1.20288158e-04 1.95653714e+01 3.08275655e-04 4.85473084e-03\n",
      "  4.27026420e-01]\n",
      " [1.02344794e-03 3.08275655e-04 2.02271347e+02 6.00563581e-02\n",
      "  4.44587349e+00]\n",
      " [3.15662083e-02 4.85473084e-03 6.00563581e-02 7.42833497e+03\n",
      "  1.59121627e+02]\n",
      " [5.30008448e+00 4.27026420e-01 4.44587349e+00 1.59121627e+02\n",
      "  1.39930007e+04]]\n",
      "Score: [-0.03638328  0.01083609  0.05988614  0.96612472 -0.23861076]\n",
      "\t EI REML vanilla round 1:   0.0870  0.3185  0.0980  0.0148  0.0809\n",
      "Information: [[2.54462486e+02 1.20206186e-04 1.02033342e-03 3.11598709e-02\n",
      "  5.31735106e+00]\n",
      " [1.20206186e-04 1.94977624e+01 3.05276222e-04 4.76001981e-03\n",
      "  4.25567078e-01]\n",
      " [1.02033342e-03 3.05276222e-04 2.01072192e+02 5.87383448e-02\n",
      "  4.41970139e+00]\n",
      " [3.11598709e-02 4.76001981e-03 5.87383448e-02 7.31194482e+03\n",
      "  1.56631174e+02]\n",
      " [5.31735106e+00 4.25567078e-01 4.41970139e+00 1.56631174e+02\n",
      "  1.39993805e+04]]\n",
      "Score: [ 1.38802349e-03 -8.65233137e-05 -1.18547419e-04 -1.72347130e-02\n",
      "  2.16318843e-03]\n",
      "\t EI REML vanilla round 2:   0.0870  0.3185  0.0979  0.0148  0.0809\n"
     ]
    },
    {
     "name": "stdout",
     "output_type": "stream",
     "text": [
      "\t Estimates converged, exitting - diff: 0.000005\n",
      "Information: [[3.39479065e+01 2.40819296e-04 2.00259243e-04 1.67421280e-04\n",
      "  7.10228959e-01]\n",
      " [2.40819296e-04 3.38822675e+01 7.76279066e-04 3.31362458e-04\n",
      "  7.41554614e-01]\n",
      " [2.00259243e-04 7.76279066e-04 3.38724059e+01 3.95933099e-04\n",
      "  7.46293728e-01]\n",
      " [1.67421280e-04 3.31362458e-04 3.95933099e-04 3.39132662e+01\n",
      "  7.26850602e-01]\n",
      " [7.10228959e-01 7.41554614e-01 7.46293728e-01 7.26850602e-01\n",
      "  1.61890925e+03]]\n",
      "Score: [  -3.08513028   -5.31423157    3.38151046   13.06588584 -219.47408024]\n",
      "\t EI REML vanilla round 0:   0.1497  0.0839  0.3406  0.6259  0.1021\n",
      "Information: [[8.67475225e+01 9.04928554e-04 4.74885562e-05 1.18266344e-05\n",
      "  1.81609741e+00]\n",
      " [9.04928554e-04 2.69763568e+02 5.74407148e-04 7.29055886e-05\n",
      "  5.91792514e+00]\n",
      " [4.74885562e-05 5.74407148e-04 1.70177901e+01 5.47834110e-06\n",
      "  3.75356939e-01]\n",
      " [1.18266344e-05 7.29055886e-05 5.47834110e-06 5.06930505e+00\n",
      "  1.08758514e-01]\n",
      " [1.81609741e+00 5.91792514e+00 3.75356939e-01 1.08758514e-01\n",
      "  8.78425133e+03]]\n",
      "Score: [-0.05196777  0.04299931  0.02996622  0.01041196 -0.37802945]\n",
      "\t EI REML vanilla round 1:   0.1491  0.0840  0.3423  0.6280  0.1020\n",
      "Information: [[8.74361020e+01 9.07977456e-04 4.73379351e-05 1.18330292e-05\n",
      "  1.83051833e+00]\n",
      " [9.07977456e-04 2.68767549e+02 5.65981860e-04 7.21033095e-05\n",
      "  5.89609619e+00]\n",
      " [4.73379351e-05 5.65981860e-04 1.68443047e+01 5.38268610e-06\n",
      "  3.71532718e-01]\n",
      " [1.18330292e-05 7.21033095e-05 5.38268610e-06 5.03631405e+00\n",
      "  1.08051086e-01]\n",
      " [1.83051833e+00 5.89609619e+00 3.71532718e-01 1.08051086e-01\n",
      "  8.79167808e+03]]\n",
      "Score: [-5.09215388e-06 -2.15406500e-04  4.47385403e-05  2.49406343e-05\n",
      " -1.19301378e-04]\n",
      "\t EI REML vanilla round 2:   0.1491  0.0840  0.3423  0.6280  0.1020\n",
      "\t Estimates converged, exitting - diff: 0.000005\n",
      "Information: [[1.63214470e+01 1.15780907e-04 9.62804770e-05 8.04926680e-05\n",
      "  3.41463305e-01]\n",
      " [1.15780907e-04 1.62898892e+01 3.73218822e-04 1.59312175e-04\n",
      "  3.56524028e-01]\n",
      " [9.62804770e-05 3.73218822e-04 1.62851480e+01 1.90356396e-04\n",
      "  3.58802496e-01]\n",
      " [8.04926680e-05 1.59312175e-04 1.90356396e-04 1.63047927e+01\n",
      "  3.49454645e-01]\n",
      " [3.41463305e-01 3.56524028e-01 3.58802496e-01 3.49454645e-01\n",
      "  7.78337882e+02]]\n",
      "Score: [   0.79854171    6.24988397   -3.10251833    4.42242175 -181.50284383]\n",
      "\t EI REML vanilla round 0:   0.3967  0.7317  0.1575  0.6191  0.1094\n",
      "Information: [[1.25643391e+01 2.07352124e-06 3.64656043e-05 2.00892562e-06\n",
      "  2.63180999e-01]\n",
      " [2.07352124e-06 3.71170875e+00 4.18581661e-05 1.17647464e-06\n",
      "  8.14107149e-02]\n",
      " [3.64656043e-05 4.18581661e-05 7.82094659e+01 2.97142076e-05\n",
      "  1.72876026e+00]\n",
      " [2.00892562e-06 1.17647464e-06 2.97142076e-05 5.17847203e+00\n",
      "  1.11180793e-01]\n",
      " [2.63180999e-01 8.14107149e-02 1.72876026e+00 1.11180793e-01\n",
      "  7.63938312e+03]]\n",
      "Score: [ 0.01316915  0.01846006  0.20389065  0.00637266 -1.05320704]\n",
      "\t EI REML vanilla round 1:   0.3977  0.7366  0.1601  0.6203  0.1093\n",
      "Information: [[1.24985833e+01 2.02991462e-06 3.50317036e-05 1.98557486e-06\n",
      "  2.61805764e-01]\n",
      " [2.02991462e-06 3.66191916e+00 3.98832522e-05 1.15324837e-06\n",
      "  8.03208437e-02]\n",
      " [3.50317036e-05 3.98832522e-05 7.57204703e+01 2.85825682e-05\n",
      "  1.67376340e+00]\n",
      " [1.98557486e-06 1.15324837e-06 2.85825682e-05 5.15802418e+00\n",
      "  1.10743457e-01]\n",
      " [2.61805764e-01 8.03208437e-02 1.67376340e+00 1.10743457e-01\n",
      "  7.65876278e+03]]\n",
      "Score: [ 1.16918201e-04  1.73375356e-04 -4.08096030e-04 -3.55645501e-05\n",
      " -7.94150139e-04]\n",
      "\t EI REML vanilla round 2:   0.3977  0.7367  0.1601  0.6203  0.1093\n",
      "\t Estimates converged, exitting - diff: 0.000047\n",
      "Information: [[2.70449219e+01 1.91850978e-04 1.59538426e-04 1.33377752e-04\n",
      "  5.65810641e-01]\n",
      " [1.91850978e-04 2.69926300e+01 6.18430085e-04 2.63983047e-04\n",
      "  5.90766521e-01]\n",
      " [1.59538426e-04 6.18430085e-04 2.69847737e+01 3.15423861e-04\n",
      "  5.94541981e-01]\n",
      " [1.33377752e-04 2.63983047e-04 3.15423861e-04 2.70173254e+01\n",
      "  5.79052430e-01]\n",
      " [5.65810641e-01 5.90766521e-01 5.94541981e-01 5.79052430e-01\n",
      "  1.28971942e+03]]\n",
      "Score: [  -6.67155611   -1.72402279   -2.52207382   15.27781185 -244.5351635 ]\n",
      "\t EI REML vanilla round 0:   0.0236  0.2066  0.1771  0.8359  0.0767\n",
      "Information: [[3.13683314e+03 3.14344383e-03 3.56861905e-03 1.35869542e-04\n",
      "  6.56878971e+01]\n",
      " [3.14344383e-03 4.60842864e+01 2.03785861e-04 3.95130082e-06\n",
      "  1.00952334e+00]\n",
      " [3.56861905e-03 2.03785861e-04 6.25816803e+01 6.39128040e-06\n",
      "  1.38098229e+00]\n",
      " [1.35869542e-04 3.95130082e-06 6.39128040e-06 2.85101758e+00\n",
      "  6.11391230e-02]\n",
      " [6.56878971e+01 1.00952334e+00 1.38098229e+00 6.11391230e-02\n",
      "  1.55640463e+04]]\n",
      "Score: [-0.51443092  0.06536325  0.05355447 -0.00391387 -0.17507152]\n",
      "\t EI REML vanilla round 1:   0.0235  0.2081  0.1779  0.8345  0.0767\n",
      "Information: [[3.17798051e+03 3.14079788e-03 3.58004594e-03 1.38067981e-04\n",
      "  6.65496055e+01]\n",
      " [3.14079788e-03 4.54631204e+01 1.99072626e-04 3.90979338e-06\n",
      "  9.95909262e-01]\n",
      " [3.58004594e-03 1.99072626e-04 6.19868056e+01 6.34941537e-06\n",
      "  1.36785067e+00]\n",
      " [1.38067981e-04 3.90979338e-06 6.34941537e-06 2.86038651e+00\n",
      "  6.13397880e-02]\n",
      " [6.65496055e+01 9.95909262e-01 1.36785067e+00 6.13397880e-02\n",
      "  1.55684162e+04]]\n",
      "Score: [-2.56666274e-03  1.23005481e-04  5.60121487e-04  1.97909050e-06\n",
      " -8.76274689e-04]\n",
      "\t EI REML vanilla round 2:   0.0235  0.2081  0.1779  0.8345  0.0767\n",
      "\t Estimates converged, exitting - diff: 0.000009\n",
      "Information: [[2.57773082e+01 1.82858793e-04 1.52060753e-04 1.27126247e-04\n",
      "  5.39290715e-01]\n",
      " [1.82858793e-04 2.57274672e+01 5.89443851e-04 2.51609984e-04\n",
      "  5.63076896e-01]\n",
      " [1.52060753e-04 5.89443851e-04 2.57199792e+01 3.00639733e-04\n",
      "  5.66675399e-01]\n",
      " [1.27126247e-04 2.51609984e-04 3.00639733e-04 2.57510051e+01\n",
      "  5.51911853e-01]\n",
      " [5.39290715e-01 5.63076896e-01 5.66675399e-01 5.51911853e-01\n",
      "  1.22926940e+03]]\n",
      "Score: [  -1.33137112   -2.92031811    8.38355019    1.91820362 -171.60291011]\n",
      "\t EI REML vanilla round 0:   0.2241  0.1624  0.6019  0.3503  0.1331\n",
      "Information: [[3.88494512e+01 1.87159741e-04 1.16302519e-05 2.85017666e-05\n",
      "  8.13503890e-01]\n",
      " [1.87159741e-04 7.31995090e+01 8.52933936e-05 1.06501270e-04\n",
      "  1.60609226e+00]\n",
      " [1.16302519e-05 8.52933936e-05 5.46755312e+00 9.48596891e-06\n",
      "  1.20677727e-01]\n",
      " [2.85017666e-05 1.06501270e-04 9.48596891e-06 1.60343997e+01\n",
      "  3.44146358e-01]\n",
      " [8.13503890e-01 1.60609226e+00 1.20677727e-01 3.44146358e-01\n",
      "  5.16340756e+03]]\n",
      "Score: [ 1.03960531e-02  3.94914258e-02  3.91180996e-05  2.06498499e-03\n",
      " -8.74238597e-02]\n",
      "\t EI REML vanilla round 1:   0.2244  0.1629  0.6019  0.3504  0.1331\n",
      "Information: [[3.87579749e+01 1.85458719e-04 1.15997097e-05 2.84066190e-05\n",
      "  8.11590084e-01]\n",
      " [1.85458719e-04 7.27240078e+01 8.47163471e-05 1.05705166e-04\n",
      "  1.59566204e+00]\n",
      " [1.15997097e-05 8.47163471e-05 5.46742377e+00 9.47650054e-06\n",
      "  1.20675652e-01]\n",
      " [2.84066190e-05 1.05705166e-04 9.47650054e-06 1.60227122e+01\n",
      "  3.43896547e-01]\n",
      " [8.11590084e-01 1.59566204e+00 1.20675652e-01 3.43896547e-01\n",
      "  5.16473795e+03]]\n",
      "Score: [ 8.79449191e-05  1.73592595e-04 -7.07221301e-06  3.58773240e-05\n",
      " -4.23685633e-04]\n",
      "\t EI REML vanilla round 2:   0.2244  0.1629  0.6019  0.3504  0.1331\n",
      "\t Estimates converged, exitting - diff: 0.000002\n",
      "Information: [[1.17747541e+02 8.35276247e-04 6.94594626e-04 5.80696901e-04\n",
      "  2.46341298e+00]\n",
      " [8.35276247e-04 1.17519874e+02 2.69250627e-03 1.14932314e-03\n",
      "  2.57206530e+00]\n",
      " [6.94594626e-04 2.69250627e-03 1.17485669e+02 1.37328494e-03\n",
      "  2.58850281e+00]\n",
      " [5.80696901e-04 1.14932314e-03 1.37328494e-03 1.17627392e+02\n",
      "  2.52106477e+00]\n",
      " [2.46341298e+00 2.57206530e+00 2.58850281e+00 2.52106477e+00\n",
      "  5.61514989e+03]]\n",
      "Score: [   9.06732138   -5.08758016   -8.81905059    7.29638901 -189.80419676]\n",
      "\t EI REML vanilla round 0:   0.2054  0.0851  0.0533  0.1904  0.0938\n",
      "Information: [[4.65250445e+01 3.99175530e-04 8.23741176e-04 5.68067113e-05\n",
      "  9.73182392e-01]\n",
      " [3.99175530e-04 2.63256528e+02 1.80460461e-02 6.36838677e-04\n",
      "  5.75738223e+00]\n",
      " [8.23741176e-04 1.80460461e-02 6.51483861e+02 1.89118836e-03\n",
      "  1.43554498e+01]\n",
      " [5.68067113e-05 6.36838677e-04 1.89118836e-03 5.40145441e+01\n",
      "  1.15715060e+00]\n",
      " [9.73182392e-01 5.75738223e+00 1.43554498e+01 1.15715060e+00\n",
      "  1.03901984e+04]]\n",
      "Score: [ 0.02377218  0.19486194 -0.11254258  0.03239737 -0.30023525]\n",
      "\t EI REML vanilla round 1:   0.2059  0.0858  0.0532  0.1910  0.0938\n",
      "Information: [[4.62965771e+01 3.90308275e-04 8.24346491e-04 5.61411981e-05\n",
      "  9.68408024e-01]\n",
      " [3.90308275e-04 2.58841537e+02 1.78437710e-02 6.21873768e-04\n",
      "  5.66080400e+00]\n",
      " [8.24346491e-04 1.78437710e-02 6.55565483e+02 1.89012736e-03\n",
      "  1.44456623e+01]\n",
      " [5.61411981e-05 6.21873768e-04 1.89012736e-03 5.36793828e+01\n",
      "  1.14997582e+00]\n",
      " [9.68408024e-01 5.66080400e+00 1.44456623e+01 1.14997582e+00\n",
      "  1.03966628e+04]]\n",
      "Score: [ 0.00050388  0.00153132 -0.00274257  0.00014034 -0.00124923]\n",
      "\t EI REML vanilla round 2:   0.2059  0.0859  0.0532  0.1910  0.0938\n"
     ]
    },
    {
     "name": "stdout",
     "output_type": "stream",
     "text": [
      "\t Estimates converged, exitting - diff: 0.000011\n",
      "Information: [[2.71022330e+01 3.34163025e-04 2.85599032e-04 2.34232803e-04\n",
      "  5.84735084e-01]\n",
      " [3.34163025e-04 2.70598675e+01 4.13393490e-04 3.84709144e-04\n",
      "  6.05085236e-01]\n",
      " [2.85599032e-04 4.13393490e-04 2.70796580e+01 3.16885664e-04\n",
      "  5.95563250e-01]\n",
      " [2.34232803e-04 3.84709144e-04 3.16885664e-04 2.70932030e+01\n",
      "  5.89010294e-01]\n",
      " [5.84735084e-01 6.05085236e-01 5.95563250e-01 5.89010294e-01\n",
      "  1.29414699e+03]]\n",
      "Score: [  12.04164012   -4.90656228   -4.94643775    2.18080578 -204.2265601 ]\n",
      "\t EI REML vanilla round 0:   0.7136  0.0881  0.0867  0.3498  0.1080\n",
      "Information: [[3.90174567e+00 7.16943957e-05 6.31908956e-05 3.31750556e-06\n",
      "  8.42009762e-02]\n",
      " [7.16943957e-05 2.44019946e+02 5.73023593e-03 3.41308374e-04\n",
      "  5.46373443e+00]\n",
      " [6.31908956e-05 5.73023593e-03 2.51959025e+02 2.90215882e-04\n",
      "  5.54753316e+00]\n",
      " [3.31750556e-06 3.41308374e-04 2.90215882e-04 1.61245408e+01\n",
      "  3.50742832e-01]\n",
      " [8.42009762e-02 5.46373443e+00 5.54753316e+00 3.50742832e-01\n",
      "  7.84153203e+03]]\n",
      "Score: [-0.01019235  0.18259653  0.13054284 -0.01077414  0.09659646]\n",
      "\t EI REML vanilla round 1:   0.7110  0.0889  0.0872  0.3492  0.1080\n",
      "Information: [[3.93037431e+00 7.10576935e-05 6.29345442e-05 3.35550896e-06\n",
      "  8.48202697e-02]\n",
      " [7.10576935e-05 2.40035484e+02 5.57285451e-03 3.37096821e-04\n",
      "  5.37460535e+00]\n",
      " [6.29345442e-05 5.57285451e-03 2.49053912e+02 2.88034282e-04\n",
      "  5.48365833e+00]\n",
      " [3.35550896e-06 3.37096821e-04 2.88034282e-04 1.61858999e+01\n",
      "  3.52084378e-01]\n",
      " [8.48202697e-02 5.37460535e+00 5.48365833e+00 3.52084378e-01\n",
      "  7.83986082e+03]]\n",
      "Score: [ 9.64107739e-05  1.31795928e-03  1.28294600e-03 -1.28781962e-04\n",
      " -2.34499918e-03]\n",
      "\t EI REML vanilla round 2:   0.7110  0.0889  0.0872  0.3492  0.1080\n",
      "\t Estimates converged, exitting - diff: 0.000025\n",
      "Information: [[5.16532026e+01 6.36869678e-04 5.44313253e-04 4.46416147e-04\n",
      "  1.11442624e+00]\n",
      " [6.36869678e-04 5.15724596e+01 7.87872264e-04 7.33203767e-04\n",
      "  1.15321089e+00]\n",
      " [5.44313253e-04 7.87872264e-04 5.16101776e+01 6.03941357e-04\n",
      "  1.13506327e+00]\n",
      " [4.46416147e-04 7.33203767e-04 6.03941357e-04 5.16359927e+01\n",
      "  1.12257422e+00]\n",
      " [1.11442624e+00 1.15321089e+00 1.13506327e+00 1.12257422e+00\n",
      "  2.46646970e+03]]\n",
      "Score: [ 1.56915301e+00  1.42590725e-01 -4.81488505e+00  1.14003423e+01\n",
      " -2.60269233e+02]\n",
      "\t EI REML vanilla round 0:   0.2253  0.1977  0.1016  0.4157  0.0870\n",
      "Information: [[3.87621730e+01 9.52019241e-05 3.01730852e-04 1.52912525e-05\n",
      "  8.37583275e-01]\n",
      " [9.52019241e-05 5.01565396e+01 5.65470338e-04 3.24346844e-05\n",
      "  1.12414077e+00]\n",
      " [3.01730852e-04 5.65470338e-04 1.86496616e+02 9.94046165e-05\n",
      "  4.11098097e+00]\n",
      " [1.52912525e-05 3.24346844e-05 9.94046165e-05 1.14692360e+01\n",
      "  2.49802797e-01]\n",
      " [8.37583275e-01 1.12414077e+00 4.11098097e+00 2.49802797e-01\n",
      "  1.20856840e+04]]\n",
      "Score: [-0.02361712  0.03853506  0.05568788  0.00617091 -0.1887246 ]\n",
      "\t EI REML vanilla round 1:   0.2247  0.1985  0.1019  0.4162  0.0870\n",
      "Information: [[3.89709565e+01 9.49485413e-05 3.01506546e-04 1.53287839e-05\n",
      "  8.42098682e-01]\n",
      " [9.49485413e-05 4.97728013e+01 5.57722341e-04 3.20923322e-05\n",
      "  1.11554496e+00]\n",
      " [3.01506546e-04 5.57722341e-04 1.85425741e+02 9.85449287e-05\n",
      "  4.08738904e+00]\n",
      " [1.53287839e-05 3.20923322e-05 9.85449287e-05 1.14397380e+01\n",
      "  2.49161468e-01]\n",
      " [8.42098682e-01 1.11554496e+00 4.08738904e+00 2.49161468e-01\n",
      "  1.20900618e+04]]\n",
      "Score: [ 3.52260804e-05  3.41290235e-05  6.34983556e-05  2.80368992e-05\n",
      " -3.77646264e-04]\n",
      "\t EI REML vanilla round 2:   0.2247  0.1985  0.1019  0.4162  0.0870\n",
      "\t Estimates converged, exitting - diff: 0.000002\n",
      "Information: [[5.22224067e+01 6.43887806e-04 5.50311436e-04 4.51335530e-04\n",
      "  1.12670691e+00]\n",
      " [6.43887806e-04 5.21407739e+01 7.96554400e-04 7.41283471e-04\n",
      "  1.16591896e+00]\n",
      " [5.50311436e-04 7.96554400e-04 5.21789075e+01 6.10596624e-04\n",
      "  1.14757135e+00]\n",
      " [4.51335530e-04 7.41283471e-04 6.10596624e-04 5.22050071e+01\n",
      "  1.13494468e+00]\n",
      " [1.12670691e+00 1.16591896e+00 1.14757135e+00 1.13494468e+00\n",
      "  2.49364952e+03]]\n",
      "Score: [  -2.37723755   -6.57946392   17.54311776   -6.785234   -230.18848729]\n",
      "\t EI REML vanilla round 0:   0.1480  0.0674  0.5298  0.0636  0.0992\n",
      "Information: [[8.86846134e+01 2.31138829e-03 3.39674598e-05 1.81898547e-03\n",
      "  1.91322679e+00]\n",
      " [2.31138829e-03 4.12182383e+02 2.29305601e-04 1.39591154e-02\n",
      "  9.22082925e+00]\n",
      " [3.39674598e-05 2.29305601e-04 7.06679455e+00 1.96691363e-04\n",
      "  1.55349305e-01]\n",
      " [1.81898547e-03 1.39591154e-02 1.96691363e-04 4.62598881e+02\n",
      "  1.00590944e+01]\n",
      " [1.91322679e+00 9.22082925e+00 1.55349305e-01 1.00590944e+01\n",
      "  9.29318308e+03]]\n",
      "Score: [ 4.56604563e-02  1.82646636e-01 -7.38092237e-05 -5.34277434e-01\n",
      "  9.26060526e-02]\n",
      "\t EI REML vanilla round 1:   0.1485  0.0679  0.5298  0.0624  0.0992\n",
      "Information: [[8.80796201e+01 2.26698368e-03 3.37420842e-05 1.87205402e-03\n",
      "  1.90015383e+00]\n",
      " [2.26698368e-03 4.06987767e+02 2.26456486e-04 1.42840035e-02\n",
      "  9.10439093e+00]\n",
      " [3.37420842e-05 2.26456486e-04 7.06707206e+00 2.03832392e-04\n",
      "  1.55353163e-01]\n",
      " [1.87205402e-03 1.42840035e-02 2.03832392e-04 4.79288870e+02\n",
      "  1.04219780e+01]\n",
      " [1.90015383e+00 9.10439093e+00 1.55353163e-01 1.04219780e+01\n",
      "  9.29119015e+03]]\n",
      "Score: [ 0.0010538  -0.00237086  0.00021083 -0.00574807  0.00250468]\n",
      "\t EI REML vanilla round 2:   0.1486  0.0679  0.5298  0.0624  0.0992\n",
      "\t Estimates converged, exitting - diff: 0.000030\n",
      "Information: [[3.67405718e+01 4.53001072e-04 3.87166316e-04 3.17532770e-04\n",
      "  7.92683810e-01]\n",
      " [4.53001072e-04 3.66831399e+01 5.60408184e-04 5.21522854e-04\n",
      "  8.20271065e-01]\n",
      " [3.87166316e-04 5.60408184e-04 3.67099684e+01 4.29579380e-04\n",
      "  8.07362785e-01]\n",
      " [3.17532770e-04 5.21522854e-04 4.29579380e-04 3.67283305e+01\n",
      "  7.98479409e-01]\n",
      " [7.92683810e-01 8.20271065e-01 8.07362785e-01 7.98479409e-01\n",
      "  1.75438313e+03]]\n",
      "Score: [  -6.25238083    1.29816701    5.20656549    4.71552028 -259.38546833]\n",
      "\t EI REML vanilla round 0:   0.0614  0.2671  0.3735  0.3600  0.0805\n",
      "Information: [[5.01798886e+02 5.81795223e-04 2.54754073e-04 2.25930544e-04\n",
      "  1.08494899e+01]\n",
      " [5.81795223e-04 2.76640092e+01 2.03450535e-05 2.03591953e-05\n",
      "  6.19999375e-01]\n",
      " [2.54754073e-04 2.03450535e-05 1.42042469e+01 8.62805388e-06\n",
      "  3.12998124e-01]\n",
      " [2.25930544e-04 2.03591953e-05 8.62805388e-06 1.52841408e+01\n",
      "  3.32939795e-01]\n",
      " [1.08494899e+01 6.19999375e-01 3.12998124e-01 3.32939795e-01\n",
      "  1.41339199e+04]]\n",
      "Score: [-0.20800741  0.01090226  0.01752852 -0.00240986 -0.1357755 ]\n",
      "\t EI REML vanilla round 1:   0.0610  0.2675  0.3747  0.3598  0.0805\n",
      "Information: [[5.08453989e+02 5.87655359e-04 2.56384931e-04 2.29072632e-04\n",
      "  1.09933761e+01]\n",
      " [5.87655359e-04 2.75830930e+01 2.01481476e-05 2.03121387e-05\n",
      "  6.18180965e-01]\n",
      " [2.56384931e-04 2.01481476e-05 1.41112794e+01 8.57694545e-06\n",
      "  3.10947342e-01]\n",
      " [2.29072632e-04 2.03121387e-05 8.57694545e-06 1.52974733e+01\n",
      "  3.33228456e-01]\n",
      " [1.09933761e+01 6.18180965e-01 3.10947342e-01 3.33228456e-01\n",
      "  1.41372011e+04]]\n",
      "Score: [-5.09435351e-04 -6.34272449e-06  1.13619809e-04 -3.59784470e-05\n",
      "  3.67540943e-05]\n",
      "\t EI REML vanilla round 2:   0.0610  0.2675  0.3747  0.3598  0.0805\n",
      "\t Estimates converged, exitting - diff: 0.000008\n",
      "Information: [[5.78363027e+01 7.13105589e-04 6.09469781e-04 4.99853989e-04\n",
      "  1.24782763e+00]\n",
      " [7.13105589e-04 5.77458944e+01 8.82183804e-04 8.20971263e-04\n",
      "  1.29125496e+00]\n",
      " [6.09469781e-04 8.82183804e-04 5.77881274e+01 6.76235613e-04\n",
      "  1.27093499e+00]\n",
      " [4.99853989e-04 8.20971263e-04 6.76235613e-04 5.78170326e+01\n",
      "  1.25695095e+00]\n",
      " [1.24782763e+00 1.29125496e+00 1.27093499e+00 1.25695095e+00\n",
      "  2.76171623e+03]]\n",
      "Score: [   3.14740727   -3.93234872   -1.2754607    -3.14114561 -244.63489622]\n",
      "\t EI REML vanilla round 0:   0.2384  0.1159  0.1619  0.1296  0.0935\n",
      "Information: [[3.46134428e+01 2.80208394e-04 1.23983271e-04 1.58059002e-04\n",
      "  7.47513521e-01]\n",
      " [2.80208394e-04 1.43626686e+02 7.45947132e-04 1.07827722e-03\n",
      "  3.21721857e+00]\n",
      " [1.23983271e-04 7.45947132e-04 7.43939765e+01 4.59795644e-04\n",
      "  1.63837794e+00]\n",
      " [1.58059002e-04 1.07827722e-03 4.59795644e-04 1.15380133e+02\n",
      "  2.51175747e+00]\n",
      " [7.47513521e-01 3.21721857e+00 1.63837794e+00 2.51175747e+00\n",
      "  1.04705007e+04]]\n",
      "Score: [-0.03040961 -0.06815958 -0.06971498 -0.04181336  0.46519884]\n",
      "\t EI REML vanilla round 1:   0.2375  0.1154  0.1610  0.1293  0.0935\n",
      "Information: [[3.48678530e+01 2.84821007e-04 1.26454533e-04 1.60248190e-04\n",
      "  7.53000251e-01]\n",
      " [2.84821007e-04 1.44788909e+02 7.61378273e-04 1.09403773e-03\n",
      "  3.24321105e+00]\n",
      " [1.26454533e-04 7.61378273e-04 7.52516995e+01 4.68104015e-04\n",
      "  1.65724905e+00]\n",
      " [1.60248190e-04 1.09403773e-03 4.68104015e-04 1.16017947e+02\n",
      "  2.52561327e+00]\n",
      " [7.53000251e-01 3.24321105e+00 1.65724905e+00 2.52561327e+00\n",
      "  1.04604578e+04]]\n",
      "Score: [ 2.72625345e-04  2.83700947e-04  4.59954436e-04 -9.24102125e-05\n",
      " -1.70173455e-03]\n",
      "\t EI REML vanilla round 2:   0.2375  0.1154  0.1610  0.1293  0.0935\n"
     ]
    },
    {
     "name": "stdout",
     "output_type": "stream",
     "text": [
      "\t Estimates converged, exitting - diff: 0.000008\n",
      "Information: [[5.75565455e+01 7.09656261e-04 6.06521745e-04 4.97436170e-04\n",
      "  1.24179183e+00]\n",
      " [7.09656261e-04 5.74665746e+01 8.77916636e-04 8.17000184e-04\n",
      "  1.28500910e+00]\n",
      " [6.06521745e-04 8.77916636e-04 5.75086033e+01 6.72964626e-04\n",
      "  1.26478742e+00]\n",
      " [4.97436170e-04 8.17000184e-04 6.72964626e-04 5.75373687e+01\n",
      "  1.25087102e+00]\n",
      " [1.24179183e+00 1.28500910e+00 1.26478742e+00 1.25087102e+00\n",
      "  2.74835767e+03]]\n",
